4294967279,18
4294967279,16
4294967279,15
4294967279,14
4294967279,13
4294967279,12
4294967279,11
4294967279,9
4294967279,346
4294967278,412
4294967278,132
4294967278,131
4294967278,130
4294967278,129
4294967278,127
4294967278,122
4294967278,117
4294967278,116
4294967278,115
4294967278,330
4294967278,113
4294967278,106
4294967278,105
4294967278,103
4294967278,94
4294967278,407
4294967278,381
4294967278,92
4294967278,91
4294967278,89
4294967278,85
4294967278,82
4294967278,362
4294967278,81
4294967278,406
4294967278,80
4294967278,79
4294967278,77
4294967278,72
4294967278,65
4294967279,78
4294967279,55
4294967279,48
4294967279,38
4294967279,22
4294967279,367
4294967278,63
4294967278,375
4294967279,240
4294967278,62
4294967279,172
4294967278,170
4294967294,11
4294967294,68
4294967278,169
4294967279,168
4294967278,164
4294967278,247
4294967278,160
4294967279,157
4294967278,156
4294967279,155
4294967278,155
4294967279,154
4294967278,150
4294967278,149
4294967278,306
4294967279,365
4294967279,145
4294967279,144
4294967278,144
4294967279,143
4294967278,143
4294967279,140
1289,6
1289,5
1289,4
4294967279,138
1289,3
1289,2
1289,1
4294967279,364
4294967294,903
4294967294,902
4294967279,362
4294967279,536
4294967278,390
4294967279,276
4294967294,38
4294967294,37
4294967294,29
4294967278,399
4294967279,251
4294967279,357
4294967278,273
4294967278,346
4294967279,263
4294967278,281
1286,4
1286,3
1286,2
1286,1
4294967278,256
4294967278,318
4294967278,0
4294967279,348
4294967294,966
4294967294,40
4294967279,352
4294967279,519
4294967278,359
1285,7
4294967279,517
1285,6
1285,5
4294967279,552
1285,4
1285,3
1285,2
1285,1
4294967279,516
4294967294,42
4294967294,43
4294967294,1416
4294967294,53
4294967294,416
4294967294,51
4294967294,45
4294967278,313
4294967294,91
4294967294,90
4294967294,87
4294967294,85
4294967279,361
4294967279,557
4294967278,225
4294967294,82
4294967279,291
4294967278,398
4294967294,84
4294967279,248
4294967294,83
4294967279,245
4294967279,239
4294967279,243
4294967278,242
4294967279,241
4294967279,302
4294967294,5
4294967279,309
4294967279,538
4294967279,335
4294967279,233
4294967294,472
4294967294,920
4294967294,969
4294967279,231
4294967279,222
4294967279,229
4294967279,227
4294967279,221
4294967279,225
4294967278,224
4294967279,223
4294967279,308
4294967278,222
4294967279,219
4294967279,217
4294967279,215
4294967279,319
4294967278,213
4294967279,213
1281,4
4294967279,212
1281,3
1281,2
1281,1
4294967294,115
4294967279,211
4294967279,209
4294967279,207
1280,7
4294967294,81
4294967294,50
4294967294,946
4294967294,2
4294967278,204
4294967279,203
4294967294,386
4294967279,202
4294967279,201
4294967279,200
1280,6
1280,5
1280,4
1280,3
1280,2
1280,1
4294967279,193
4294967294,950
4294967279,303
4294967278,191
4294967278,373
4294967279,191
4294967278,190
4294967294,8
4294967278,189
4294967278,186
4294967278,188
4294967278,187
4294967278,321
4294967294,185
4294967294,921
4294967294,418
4294967294,107
4294967294,910
4294967294,1
4294967278,185
4294967279,185
4294967278,184
4294967279,184
4294967279,378
4294967278,183
4294967279,183
4294967278,182
4294967294,7
4294967294,17
4294967294,99
4294967294,76
4294967278,355
4294967279,573
4294967294,89
4294967294,9
4294967279,565
4294967278,380
4294967294,22
4294967294,423
4294967294,470
4294967294,67
4294967279,180
4294967279,345
4294967279,0
4294967278,445
4294967279,179
4294967278,178
4294967294,1417
4294967294,426
4294967294,44
4294967294,52
4294967294,949
4294967294,28
4294967294,27
4294967294,26
4294967294,92
4294967294,88
4294967294,86
4294967294,972
4294967294,46
4294967294,0
4294967294,41
4294967294,36
4294967294,39
4294967294,471
4294967294,25
0,5
4294967279,301
4294967278,272
4294967278,176
4294967294,1414
4294967278,175
4294967294,6
4294967294,94
4294967294,93
4294967294,96
4294967294,95
4294967278,173
1277,6
1277,5
4294967278,172
1277,4
0,7
1277,3
1277,2
1277,1
4294967279,572
4294967293,131
4294967293,130
4294967293,129
4294967293,128
4294967293,127
4294967293,126
4294967293,125
4294967293,124
4294967293,123
4294967293,122
4294967293,121
4294967293,120
4294967293,119
4294967293,118
4294967293,117
4294967293,116
4294967293,115
4294967293,114
4294967293,113
4294967293,112
4294967293,111
4294967293,110
4294967293,109
4294967293,108
4294967293,107
4294967293,106
4294967293,105
4294967293,104
4294967293,103
4294967293,102
4294967293,101
4294967293,100
4294967293,99
4294967293,98
4294967293,97
4294967293,96
4294967293,95
4294967293,94
4294967293,93
4294967293,92
4294967293,91
4294967293,90
4294967293,89
4294967293,87
4294967293,86
4294967293,85
4294967293,84
4294967293,83
4294967293,82
4294967293,81
4294967293,80
4294967293,79
4294967293,78
4294967293,77
4294967293,76
4294967293,75
4294967293,74
4294967293,73
4294967293,72
4294967293,71
4294967293,70
4294967293,69
4294967293,68
4294967293,67
4294967293,66
4294967293,65
4294967293,64
4294967293,63
4294967293,62
4294967293,61
4294967293,60
4294967293,59
4294967293,58
4294967293,57
4294967293,56
